-------------------------------------LINKED LIST------------------------------------------

1-7 , 8 , 9 , 10 , 11 , 12 , 13 , 14 , 15 , 17 , 18 , 19 , 21 , 25 , 41 , 44 , 57 , 62 , 69 , 70 , 71 , 72 , 73 , 75 , 76 , 77 , 78 , 79 , 80 , 82 , 83 , 98 , 100 , 101

Target -> 27 , 28 , 29 , 81 , 84 , 99

(upto 30)

Still at sea - 74



-----------------------------------------ARRAY---------------------------------------------










------------------------------------------TREE---------------------------------------------










-----------------------------------------HEAP----------------------------------------------












----------------------------------------GRAPH----------------------------------------------














----------------------------------------HASHING---------------------------------------------











---------------------------------------MATRIX-----------------------------------------------













----------------------------------------STRINGS----------------------------------------------